topo/adem_250.txt
ncols        126              
nrows        151              
xllcorner          136.0069444
yllcorner           35.6594444
cellsize             0.0027777
NODATA_value         -999.9000
[rows 104 to 129 of 151, columns 58 to 115 of 126]
225.11500 210.29900 197.58600 156.09000 141.69500 133.33400 129.86600 140.66000 160.85600 189.24400 169.05800 171.21100 130.08000 144.51400 105.43200 106.56400 112.50200 145.55900 147.11700 215.07400 267.16400 276.88300 294.90100 184.37000 306.53500 373.65600 242.21200 195.73700 320.56700 255.11100 276.60500 276.60500 241.72500 248.63500 322.20800 213.12500 197.08300 304.40200 295.08600 340.40100 366.82300 298.35000 204.10200 274.12800 322.01700 412.41600 453.50900 351.43200 266.71000 294.69800 322.01600 399.05600 511.73900 446.06300 393.97900 522.40900 494.00300 587.08500
331.01500 273.06400 182.43400 161.62200 149.50200 180.35400 186.65600 222.75900 220.13900 243.92500 144.47500 114.58500 114.58100 114.58100 108.13800 121.18900 182.92800 244.86200 192.56600 189.32900 272.20800 355.34700 330.80700 232.89700 273.64300 368.83600 249.86300 209.80500 346.06700 374.99800 423.38500 412.37600 312.99000 399.38700 331.62900 235.01600 197.09900 269.91600 332.97500 421.96700 328.43700 230.49100 230.49100 302.97500 299.38300 406.46900 495.72500 375.41700 266.72400 354.15800 415.03700 430.19400 477.29000 458.56700 488.87100 613.85900 594.50900 621.85700
326.42300 261.43800 246.00600 190.46900 203.26200 242.75800 238.86000 309.81600 294.06000 205.20900 119.92100 125.74500 139.52500 127.15200 123.33500 159.93500 220.95800 318.84700 269.95600 222.12000 244.47500 319.62100 382.15100 282.58900 268.34300 356.22700 319.86300 243.58600 291.13700 399.91500 443.35900 390.88700 388.74800 373.46100 314.35000 209.39300 263.75200 249.85600 355.28400 434.75300 343.12500 230.49100 321.82400 428.38500 421.20300 468.61900 466.81600 380.79600 284.94900 315.13400 315.13400 337.63100 414.92200 543.34900 604.12900 703.89200 720.19800 643.27900
398.18300 330.02500 288.99300 253.04700 300.85700 341.30400 306.57300 217.12900 173.71400 173.70500 122.12500 125.74500 231.24200 274.35800 240.93700 261.04400 301.66800 373.42600 349.61200 320.30700 334.23600 403.47100 458.37100 379.56400 379.56400 411.10700 392.06900 343.15500 367.63800 442.36300 398.82200 317.12700 279.25500 247.00200 225.73000 232.29100 346.17900 285.59400 365.66900 392.71500 271.92500 247.69400 374.45500 473.72000 488.22300 553.69100 510.01500 392.49800 303.88200 444.19100 356.54600 347.82300 440.72700 573.36000 666.87700 796.19400 861.84500 767.45200
515.45200 412.34000 373.54000 314.33100 435.75500 468.87300 399.66900 292.97000 213.36100 126.96500 122.24900 128.20700 151.78500 210.30000 299.13600 352.11000 324.23800 319.85300 279.78600 324.65800 355.25300 406.83400 479.87900 540.32500 508.34700 508.34700 517.49700 500.50200 468.17200 580.06000 498.77300 417.54000 357.87500 284.35400 254.49400 245.35600 363.86000 378.94600 423.41100 355.09500 303.63200 274.18600 304.94000 351.89200 435.71300 530.44500 553.46900 435.54700 323.87600 440.65700 368.73400 487.92400 503.36100 528.52500 614.91700 726.67900 864.56000 907.32100
587.56300 529.43300 463.41500 412.52200 355.41000 312.57600 272.49500 221.25000 212.26600 141.14800 126.96500 128.20700 203.64300 180.71600 181.07900 201.59700 212.84000 243.69300 323.72100 403.02800 457.28700 475.16000 485.20200 474.69200 473.55500 530.00100 438.98200 547.21200 564.42700 663.45800 527.30900 381.53800 311.26700 294.51200 328.38500 281.47800 352.29100 480.70400 514.71500 415.60100 363.08000 298.34100 370.77500 458.46100 521.37900 636.95900 551.86400 436.10500 347.87300 386.49700 448.24600 542.91500 643.20300 623.47100 698.45900 764.22200 897.81300 -999.90000
541.83200 611.65300 564.63500 473.86800 391.44700 350.02200 309.46100 246.52900 191.71000 151.99700 135.23100 128.34400 131.79900 157.74500 228.57000 292.80400 317.98800 347.80700 378.90600 403.68600 350.36300 402.23500 326.49100 379.24300 440.39500 421.30000 364.55000 469.35900 561.29700 695.46000 587.67200 443.08100 341.76000 341.86900 341.11900 361.63500 351.22700 459.44700 573.20200 479.43100 335.04500 325.48200 437.74500 485.19800 580.93900 658.36600 587.12700 456.57400 350.68000 426.71800 509.40700 601.56900 621.87000 708.08800 789.14800 862.53400 943.75800 -999.90000
426.86400 466.07400 557.80800 582.67600 525.64000 509.47200 428.72500 367.17800 287.34700 242.68900 228.76300 169.77600 132.21300 212.70300 157.74500 186.74000 194.36700 206.95900 213.93500 251.51000 236.28100 239.37900 257.01400 364.03200 407.43400 314.39900 350.25000 432.54200 530.38600 673.77900 547.47400 440.70700 409.50000 351.68000 384.15600 448.77600 369.46700 422.74400 549.72600 418.32300 335.04500 335.04500 485.97100 552.63700 610.74600 606.46200 509.90200 387.02000 387.01000 552.92500 534.92500 558.12000 643.51300 727.10000 822.71600 919.64500 -999.90000 -999.90000
300.72100 365.82100 411.95900 438.14000 484.19600 468.96700 393.22000 319.86200 251.72300 155.74000 139.41800 136.44000 132.21300 227.36100 260.47600 229.18800 285.82000 285.95600 279.58100 213.93500 236.28100 239.37900 239.37900 242.09600 282.82000 282.82000 398.12800 500.43700 565.43400 660.40900 578.20800 515.85200 479.57800 404.45900 426.30400 495.65400 486.84800 485.57000 539.02500 427.64000 366.79800 339.98500 469.97300 548.90500 598.19700 593.35400 479.13900 387.02800 466.44500 559.57500 642.55900 687.80200 743.35600 841.15900 903.35200 -999.90000 -999.90000 -999.90000
246.64000 285.82900 315.08900 322.25600 361.41600 347.47700 305.95000 221.04800 155.79200 155.74700 206.49800 174.92600 133.96300 191.09800 312.18300 327.18200 416.22400 471.61800 377.33700 269.18500 358.96400 357.65600 355.74600 308.67100 251.25700 329.59000 443.79100 533.29700 666.22300 693.63200 686.35200 628.30800 580.36200 545.68700 551.10600 541.47200 552.00600 536.80900 537.96200 494.70500 399.23700 398.83400 378.31000 415.40800 519.51400 543.62100 455.35700 404.01000 429.70300 486.98900 541.22100 642.84700 701.73800 806.91500 868.86300 -999.90000 -999.90000 -999.90000
176.99200 216.88300 242.10800 229.79700 231.91300 231.15400 200.48500 155.80700 155.80200 255.49900 265.53500 163.13500 136.94800 168.92900 289.93700 358.84500 408.11200 475.81800 402.98700 345.40100 406.66400 492.65900 476.48100 389.48200 319.52300 305.24000 443.43600 501.99200 535.76500 654.86800 698.71600 578.32500 501.25200 488.90900 500.87800 438.67000 455.05200 437.48900 527.61400 500.25700 488.67600 498.76400 482.89500 521.15000 456.09700 568.25900 511.38100 489.37200 548.35100 546.52600 498.59300 569.26600 701.74700 763.78700 878.41600 -999.90000 -999.90000 -999.90000
174.45400 168.90500 168.89500 161.59300 156.71700 155.81600 155.80700 168.95400 222.12700 278.55000 279.78200 187.87100 139.84800 160.08200 213.34900 226.19400 314.10600 477.03500 466.79300 439.23200 400.72200 556.53200 537.03100 424.39700 356.25000 328.26300 346.70600 421.58500 583.58100 635.66100 642.69800 549.30200 498.86400 430.38900 430.38900 444.81800 374.57800 457.20500 533.58300 622.73900 615.04800 595.51500 604.58000 550.41000 513.02900 614.49000 532.75600 593.96000 677.10600 672.94000 628.86500 579.81900 671.74300 807.29800 911.24900 -999.90000 -999.90000 -999.90000
247.64100 242.00200 234.17300 168.89500 231.18000 221.49700 247.03700 237.12100 349.27500 352.79300 266.80700 182.92700 142.82100 161.97600 261.19400 307.79100 380.22300 445.08500 498.12100 525.98000 501.65400 579.69000 552.01000 488.51000 466.15800 404.99800 420.13400 419.52500 520.51300 677.91900 641.14500 563.17700 490.68000 424.35700 379.29300 433.05400 369.29700 453.13100 546.24600 531.10500 537.22000 599.99400 640.91000 565.02000 627.34700 627.34000 622.67000 682.44500 759.03100 822.09400 801.72000 743.90500 705.20700 778.68800 -999.90000 -999.90000 -999.90000 -999.90000
347.57200 359.37800 294.71300 333.09900 350.82700 324.85100 341.41800 335.05100 346.93500 271.42200 247.71900 210.67000 145.46000 160.68000 240.61200 283.66500 288.48700 328.00300 438.14700 408.25400 411.02900 501.77300 550.82400 591.09000 560.42700 507.02600 511.71500 511.18500 591.46700 597.58700 491.69100 445.21700 499.12900 457.44900 346.73000 354.17300 369.29700 463.64100 484.84300 484.86000 565.83900 629.23800 691.86100 697.03000 697.01100 738.91100 764.26100 781.50000 815.73200 821.11000 769.42000 833.65300 863.64200 854.31900 -999.90000 -999.90000 -999.90000 -999.90000
363.36700 378.64200 371.61200 348.14000 349.30800 294.14800 261.75600 260.33900 329.19600 283.06800 231.70900 161.20000 150.01700 167.23100 239.89000 276.19500 344.59900 347.34700 341.81300 315.67200 432.88200 405.63900 527.32100 524.86300 547.82900 583.51200 505.83800 445.34000 479.05900 495.15100 450.23900 370.50000 392.51400 338.04500 338.04500 397.25000 479.55100 478.24900 441.77800 483.47900 517.13300 576.45400 684.05300 726.97700 692.46700 705.77300 800.23000 739.50700 677.02400 679.71500 690.17500 780.36000 791.15700 880.20100 -999.90000 -999.90000 -999.90000 -999.90000
353.10300 285.56600 266.74900 240.12800 232.21900 225.09800 186.66200 186.64800 186.64800 185.06200 168.24100 169.18600 154.03500 167.23300 229.65600 285.66000 247.42900 247.42900 287.21300 387.05100 374.79100 393.46700 507.52200 414.01100 414.10200 520.08900 454.32100 420.24400 365.54900 485.86100 467.91800 359.02300 338.03600 338.04500 399.14600 429.11300 404.26600 404.59900 493.52900 566.93100 663.53200 681.66600 694.14500 595.78000 626.29600 735.41800 675.43000 654.93500 565.33200 620.79500 679.68500 712.78300 767.80200 862.75500 988.97800 -999.90000 -999.90000 -999.90000
378.89200 297.37000 228.59600 228.59500 225.09800 232.30800 286.25700 261.44200 252.50000 225.67800 168.25500 169.19100 197.00600 239.23800 229.66600 229.67200 259.77600 322.18900 388.93400 390.32900 312.11000 406.47000 516.43900 427.52900 348.61600 460.15400 373.67100 336.97000 336.97000 423.14300 371.25700 337.80200 338.02600 367.40000 343.67500 387.67700 444.74500 517.68400 591.46700 675.64000 704.50200 674.80900 607.56200 540.44900 662.31800 660.25200 637.85900 565.09000 549.23500 605.63200 626.22400 648.73200 738.49400 818.28900 910.82500 1047.00500 -999.90000 -999.90000
304.02100 231.05000 231.05000 344.56200 319.61800 306.97100 354.18500 330.36700 281.63700 208.93600 185.82700 169.20700 194.34300 314.92300 339.34100 353.86100 395.88200 404.84700 364.28100 287.72400 341.68600 448.07900 409.23300 355.42300 326.33700 388.26700 305.05000 271.13200 307.43700 333.35200 336.35200 337.80200 343.67500 343.67500 394.00500 405.71600 447.76000 528.99400 591.21200 683.95000 744.57000 622.16300 528.14600 528.14600 637.68300 583.76300 535.65900 490.84200 490.85300 517.97200 563.70800 648.73200 701.15900 802.36400 910.82500 1021.71900 -999.90000 -999.90000
254.36000 254.34800 333.50600 424.66500 386.82100 306.95600 268.29500 239.65200 235.83200 242.01800 224.63100 177.59000 169.21600 221.65400 263.76400 340.55700 332.04600 389.42400 318.67200 270.54400 368.96000 448.01100 346.07400 332.68700 262.68200 252.49500 270.52500 271.13200 341.04500 395.77000 336.37100 336.39300 343.67500 454.95400 486.00700 469.76800 552.47300 548.55000 621.51700 716.27800 736.78900 600.87700 514.52600 521.54300 549.30600 466.39900 466.39900 513.63500 549.30200 636.41300 668.05700 643.59000 785.43300 872.30400 940.06500 1021.71900 -999.90000 -999.90000
256.78500 400.94600 425.36700 437.38800 362.36200 399.69800 353.24400 319.66600 360.93800 303.64100 205.35800 231.80800 172.95600 172.95600 225.81800 186.85400 186.85400 255.16100 237.34200 324.21700 412.13100 375.66400 319.22200 252.48800 252.49500 312.80300 365.70900 409.59000 416.71900 455.98000 378.59700 340.91800 413.78900 535.49800 547.52000 549.92600 619.83500 662.76400 679.76300 701.60600 705.16300 621.52600 542.92300 463.53400 447.02700 466.39900 567.51200 650.03700 719.68500 690.56700 795.25400 699.27000 782.50600 895.83200 1008.29100 1106.29700 -999.90000 -999.90000
361.62500 399.63100 493.08100 506.22800 483.92000 482.74300 442.76200 451.91000 405.25800 306.31800 219.73700 334.65500 265.53400 182.95300 182.95300 197.62000 188.99600 186.85400 200.86000 275.77100 286.60700 271.13200 228.02500 239.00500 325.45000 381.82100 432.55500 464.77700 503.62900 461.29300 447.61300 373.57000 465.10100 567.27700 612.05100 632.07800 628.01200 593.56700 595.93700 595.74000 675.01800 613.34500 542.92500 447.01800 475.24700 564.01400 661.24400 806.38700 886.23900 830.90000 894.75000 906.84600 820.42000 894.58800 997.82800 1106.31700 1216.37700 -999.90000
479.54500 530.29900 597.25200 606.74900 598.66000 571.35100 529.39000 463.33800 360.58400 257.27200 269.51100 294.43400 383.00800 313.37300 302.91300 277.39900 236.30000 241.39900 203.89600 200.86000 203.61200 213.97200 213.98000 290.35000 381.42900 387.94100 339.58600 432.44200 492.46000 496.65100 488.94700 441.39800 453.02200 582.20000 613.28500 523.41000 504.34300 461.39600 491.40700 554.40000 613.61500 517.85300 460.50900 417.20700 482.65000 610.39300 726.20700 794.21200 827.32800 892.37800 922.76100 1038.38300 1013.26000 921.85400 1035.97700 1087.53700 1196.21100 -999.90000
586.74800 580.33700 537.32700 473.64800 469.33300 432.88100 385.66900 409.89200 279.07500 261.09900 394.69700 351.89000 422.98500 447.67400 336.22900 274.63400 378.08200 352.80900 289.25000 286.93300 259.56700 236.43900 213.99000 227.43200 287.55100 295.22200 302.34100 345.87000 426.83400 528.96300 553.94100 526.36300 543.65700 591.73000 601.63800 497.46700 402.16500 465.99200 550.85600 609.68400 595.63600 478.07000 395.51100 457.42600 483.51300 483.52000 579.07900 613.98200 659.47400 687.99900 783.75500 899.99700 997.16400 1076.93200 1050.01400 1172.53100 -999.90000 -999.90000
499.78100 464.66300 464.66300 420.72500 420.71700 398.74500 334.80200 279.07500 279.07500 393.19300 465.75400 411.06900 501.38100 433.31300 300.07700 394.35800 485.85100 410.61900 346.77300 350.48700 356.84000 256.65500 287.48500 227.43200 227.44600 227.45200 246.08200 346.77800 451.21000 438.88800 488.94600 478.97000 505.74900 567.73100 533.15400 467.76900 376.33500 451.96200 525.15300 527.46700 568.66800 471.86500 395.51100 546.83800 648.97000 597.21600 528.99100 528.99100 566.92900 687.99900 784.36000 901.37100 985.35500 1076.07200 1182.82700 -999.90000 -999.90000 -999.90000
605.17500 539.25400 599.67500 574.29200 564.45200 444.18300 311.11300 356.24200 425.60700 524.09100 500.87900 501.43500 538.86400 417.80300 338.61200 426.03900 478.72700 480.46100 447.07200 487.83100 364.94000 300.59200 417.79700 379.92600 311.04500 251.20200 229.71200 312.25700 357.80300 358.19900 393.17500 346.50300 447.03200 522.47800 558.46400 468.15900 368.32100 425.29200 415.17500 427.52300 524.44700 519.44300 393.32000 515.20600 668.39300 774.20400 643.47100 643.47100 642.52000 629.41600 738.55800 845.53700 989.72900 1121.37100 1209.11700 -999.90000 -999.90000 -999.90000
678.53200 656.26400 650.68000 598.75200 465.38000 370.06000 341.41900 460.75800 460.77300 587.01100 576.04700 524.05000 470.73200 364.80700 463.76900 563.08600 563.08600 585.80400 568.38300 547.87500 382.10600 329.70800 451.55100 417.77700 322.90500 328.34000 240.18900 240.18900 246.59100 256.84000 258.65100 333.94300 428.05400 404.14200 464.73800 439.09400 399.76900 323.44700 326.50800 360.78100 481.96400 476.46900 393.32000 533.09100 661.46100 780.48400 763.92400 665.03400 779.17200 804.54700 731.55400 812.90000 907.41800 998.24800 1132.66300 -999.90000 -999.90000 -999.90000
