topo/adem_250.txt
ncols        126              
nrows        151              
xllcorner          136.0069444
yllcorner           35.6594444
cellsize             0.0027777
NODATA_value         -999.9000
[rows 26 to 51 of 151, columns 58 to 115 of 126]
11.48200 11.65800 24.80000 43.02700 39.91200 23.39100 18.78500 12.22700 12.22300 9.32000 9.32000 9.45300 8.92700 8.77800 8.64400 10.23700 10.67000 10.90300 18.93300 12.90000 9.22400 9.22700 9.38500 18.78700 59.99900 34.16900 13.77600 11.06700 11.89400 12.58500 13.16800 13.61600 14.82300 15.36900 16.43500 18.27500 18.28300 20.42200 30.89500 61.83700 101.72600 136.40200 146.04500 -999.90000 -999.90000 -999.90000 -999.90000 -999.90000 -999.90000 -999.90000 -999.90000 -999.90000 -999.90000 -999.90000 -999.90000 -999.90000 -999.90000 -999.90000
14.11900 29.53000 47.71700 88.49000 68.39600 37.61400 22.44100 16.64700 16.64400 35.76300 9.32100 9.14900 8.77800 8.70800 8.64900 12.31400 35.26100 57.73200 90.84600 38.72700 10.62100 27.60200 11.01800 11.84100 32.74100 16.78300 11.07200 11.15400 11.55900 12.46000 13.36500 13.97900 15.14100 15.36900 36.35400 57.55600 21.52000 28.67900 41.16700 67.69100 96.31100 123.68300 -999.90000 -999.90000 -999.90000 -999.90000 -999.90000 -999.90000 -999.90000 -999.90000 -999.90000 -999.90000 -999.90000 -999.90000 -999.90000 -999.90000 -999.90000 -999.90000
57.42200 115.21700 110.11900 91.91800 109.67700 56.22500 28.05200 17.76500 17.37200 9.32800 9.60100 10.70200 9.41200 8.70900 8.65200 8.65600 10.38700 47.94700 92.64700 99.72200 43.50600 41.23000 21.07800 38.65600 64.27600 27.34000 39.01200 24.94200 11.51900 12.06600 13.02800 13.44500 15.08600 47.42100 77.20500 38.72800 38.66000 60.12700 84.11700 137.81900 185.06000 229.80500 -999.90000 -999.90000 -999.90000 -999.90000 -999.90000 -999.90000 -999.90000 -999.90000 -999.90000 -999.90000 -999.90000 -999.90000 -999.90000 -999.90000 -999.90000 -999.90000
71.40500 84.98200 78.10500 69.98300 105.07400 48.34500 22.26600 14.88200 14.87500 9.33500 9.33700 10.39900 10.89900 9.03100 8.73300 8.75300 10.37600 27.87000 63.11200 105.94800 100.73600 105.08100 94.33400 108.73100 100.29900 50.67000 30.59200 13.76300 12.67000 12.93200 13.01200 13.22300 14.34000 32.04400 91.11500 95.90300 117.74300 92.41100 141.06300 229.06300 -999.90000 -999.90000 -999.90000 -999.90000 -999.90000 -999.90000 -999.90000 -999.90000 -999.90000 -999.90000 -999.90000 -999.90000 -999.90000 -999.90000 -999.90000 -999.90000 -999.90000 -999.90000
21.30700 21.38600 40.66100 119.87300 120.96800 79.98500 43.59600 17.41700 10.13000 9.37200 9.44600 9.43800 9.06500 9.20400 8.73500 8.75900 8.76200 12.56500 36.36400 118.02600 167.44700 178.91900 207.70800 192.74000 162.85800 109.18000 30.59200 13.76300 12.68100 12.94400 12.98600 13.34300 14.83800 44.37700 104.72000 154.06800 173.24700 175.13300 -999.90000 -999.90000 -999.90000 -999.90000 -999.90000 -999.90000 -999.90000 -999.90000 -999.90000 -999.90000 -999.90000 -999.90000 -999.90000 -999.90000 -999.90000 -999.90000 -999.90000 -999.90000 -999.90000 -999.90000
14.22900 15.65000 34.69800 54.50200 71.42600 61.05600 39.85800 15.00900 9.60900 9.37800 9.37800 9.95100 9.53200 9.22000 9.46500 8.97000 17.67300 78.60200 113.38300 225.52600 293.14800 248.20400 276.04200 219.62300 104.33000 37.69800 23.72100 17.18400 26.37200 16.00200 14.59300 14.59500 16.52900 20.84000 37.04200 72.81800 78.84300 141.92600 -999.90000 -999.90000 -999.90000 -999.90000 -999.90000 -999.90000 -999.90000 -999.90000 -999.90000 -999.90000 -999.90000 -999.90000 -999.90000 -999.90000 -999.90000 -999.90000 -999.90000 -999.90000 -999.90000 -999.90000
11.93200 12.59900 14.01800 19.73000 19.34900 17.50500 15.25400 13.88100 9.61500 9.68700 9.39000 9.48500 9.49100 10.23700 9.47900 10.50300 38.04800 150.91700 279.05000 284.46300 227.46800 236.94500 171.45500 209.24700 169.72500 81.96800 91.04600 50.56000 56.45500 82.43500 47.36600 18.38900 38.10300 45.41300 45.41500 56.66100 96.98100 152.91600 -999.90000 -999.90000 -999.90000 -999.90000 -999.90000 -999.90000 -999.90000 -999.90000 -999.90000 -999.90000 -999.90000 -999.90000 -999.90000 -999.90000 -999.90000 -999.90000 -999.90000 -999.90000 -999.90000 -999.90000
11.93200 13.57400 14.02000 14.02300 14.02700 14.03100 14.12400 13.88200 9.63500 9.89700 10.35900 10.36000 10.15200 9.68000 27.10700 61.14000 90.76300 162.65000 271.25000 175.16800 102.37300 76.40900 86.79100 104.58800 201.75700 177.08800 168.93800 97.91700 110.32300 116.52800 53.91200 27.44000 49.95500 134.22400 133.09300 67.22400 151.55700 -999.90000 -999.90000 -999.90000 -999.90000 -999.90000 -999.90000 -999.90000 -999.90000 -999.90000 -999.90000 -999.90000 -999.90000 -999.90000 -999.90000 -999.90000 -999.90000 -999.90000 -999.90000 -999.90000 -999.90000 -999.90000
11.93800 12.68000 13.92100 15.83800 16.08500 14.03400 14.04500 11.65700 9.79200 10.04900 10.41600 10.35700 10.34500 9.69700 26.80000 117.80900 209.61700 204.38800 182.51200 96.71600 40.53500 29.52000 63.50900 100.95900 166.83000 256.07100 228.18300 223.08100 206.74300 177.85300 105.00300 64.97200 87.99200 99.40600 184.17400 108.68000 136.02100 -999.90000 -999.90000 -999.90000 -999.90000 -999.90000 -999.90000 -999.90000 -999.90000 -999.90000 -999.90000 -999.90000 -999.90000 -999.90000 -999.90000 -999.90000 -999.90000 -999.90000 -999.90000 -999.90000 -999.90000 -999.90000
11.95400 13.10000 15.00600 15.18000 17.67700 20.55300 15.83300 10.79000 10.80500 10.93000 10.93500 10.95000 12.08400 13.66000 48.69200 106.11600 195.44300 160.29100 56.86100 38.70400 19.41200 29.52000 149.35400 217.91000 230.88400 231.07800 175.50900 140.25800 289.08100 230.14400 180.01300 175.99500 188.57500 183.51500 238.24900 212.18800 222.72000 249.42600 -999.90000 -999.90000 -999.90000 -999.90000 -999.90000 -999.90000 -999.90000 -999.90000 -999.90000 -999.90000 -999.90000 -999.90000 -999.90000 -999.90000 -999.90000 -999.90000 -999.90000 -999.90000 -999.90000 -999.90000
12.14100 13.10100 16.54300 16.68600 18.83500 18.80400 14.70500 11.12200 11.24700 11.32700 11.67000 11.82800 11.41800 21.73200 127.14200 183.51600 214.12400 96.71000 34.27100 22.08800 15.28700 14.44600 38.46400 146.74300 155.27400 132.93700 117.20900 140.25800 254.54800 198.06400 140.17500 154.97500 144.59900 178.58500 223.31700 315.14900 340.60400 -999.90000 -999.90000 -999.90000 -999.90000 -999.90000 -999.90000 -999.90000 -999.90000 -999.90000 -999.90000 -999.90000 -999.90000 -999.90000 -999.90000 -999.90000 -999.90000 -999.90000 -999.90000 -999.90000 -999.90000 -999.90000
12.11400 13.11300 13.89600 18.74900 20.81700 20.51400 11.62100 11.48900 11.78600 11.63800 12.04600 11.74100 11.41900 46.41200 127.96700 96.30500 131.42900 160.35700 94.05800 105.90600 33.99300 11.77100 11.59400 24.14800 36.34900 87.30200 51.40200 95.40700 206.83600 178.09100 119.86500 76.85400 112.06400 178.58500 235.85500 239.21200 235.22300 291.86300 -999.90000 -999.90000 -999.90000 -999.90000 -999.90000 -999.90000 -999.90000 -999.90000 -999.90000 -999.90000 -999.90000 -999.90000 -999.90000 -999.90000 -999.90000 -999.90000 -999.90000 -999.90000 -999.90000 -999.90000
12.74200 13.03800 13.56100 21.28600 23.42600 18.29500 11.63500 11.83900 11.85400 12.04900 12.17900 12.28600 12.26800 11.43100 11.50200 25.34100 28.65400 79.99200 43.45000 54.08100 11.57900 11.57900 11.59100 11.88100 24.18500 27.66300 27.66300 112.16400 140.84400 93.87300 71.13000 58.33600 116.64500 155.77200 138.72400 153.97500 211.37400 302.22900 -999.90000 -999.90000 -999.90000 -999.90000 271.39000 285.11000 372.82100 -999.90000 -999.90000 -999.90000 -999.90000 -999.90000 -999.90000 -999.90000 -999.90000 -999.90000 -999.90000 -999.90000 -999.90000 -999.90000
12.61400 13.04300 14.04400 22.22400 25.55600 16.43700 11.73400 11.64000 11.64300 11.91100 12.29900 12.19300 11.68900 11.43700 11.50200 11.51100 11.53000 11.55500 11.55700 11.56300 11.57600 11.58600 11.60600 11.61500 12.08500 15.97000 35.48900 145.46600 83.79300 36.75700 40.83400 47.19100 67.73200 99.01700 147.56400 191.55600 289.90100 282.11100 302.09400 245.80600 281.89200 232.24200 167.96400 206.09000 286.40100 394.17800 421.67300 -999.90000 -999.90000 -999.90000 -999.90000 -999.90000 -999.90000 -999.90000 -999.90000 -999.90000 -999.90000 -999.90000
12.62800 13.20100 14.04000 22.70800 26.87100 21.91600 11.73900 12.09100 12.06900 12.10700 11.92900 12.28800 11.69500 11.81700 11.44600 11.76100 11.53200 11.81100 11.58300 11.56300 11.76800 11.79500 11.60600 16.35500 39.39800 96.26000 149.21900 86.10600 31.44200 40.83400 141.89900 124.81400 144.35600 136.83000 212.99900 273.20900 255.44000 194.59800 177.61500 198.85500 173.54300 120.93400 110.43100 194.99300 268.69400 299.97900 299.97900 330.15300 -999.90000 -999.90000 -999.90000 -999.90000 -999.90000 -999.90000 -999.90000 -999.90000 -999.90000 -999.90000
15.07400 14.09300 15.36900 21.88900 25.53700 25.54000 12.04200 12.16000 12.80700 12.14300 11.93100 11.96000 12.27100 12.63500 12.52500 12.13300 11.77800 11.72100 11.82000 11.92600 12.02300 11.99500 12.14100 44.70500 153.41800 178.38100 158.03800 58.88000 26.18000 63.59800 162.14900 231.15000 294.05400 267.92100 262.17000 265.50100 166.02300 125.67900 102.48900 163.64800 93.80600 74.21400 114.09400 187.12500 243.89000 187.43000 236.59800 320.86200 360.36000 353.60400 407.70300 421.39100 510.94100 -999.90000 -999.90000 -999.90000 -999.90000 -999.90000
15.54500 14.97000 15.87000 19.43200 23.92100 28.21600 15.07500 12.52200 12.96500 12.14500 12.15100 12.08100 12.33300 12.34700 13.04300 12.65400 12.19000 11.92100 11.82900 12.31100 12.42700 12.28500 12.50500 53.43400 93.61100 37.61200 56.83400 57.03900 23.81200 42.12000 114.70900 205.53200 284.27200 199.73600 135.53600 128.79400 91.09300 84.72300 59.97500 103.22600 65.14400 66.74500 112.59100 145.10400 131.14600 180.15500 253.95600 232.86400 297.67700 274.59700 291.84900 359.78500 401.27600 500.01600 -999.90000 -999.90000 -999.90000 -999.90000
15.54900 15.29400 16.46300 31.16200 47.54700 50.17700 20.60900 12.75500 13.06000 12.25700 12.49700 12.09300 13.54200 12.57700 13.16700 13.04000 12.62400 12.26100 11.89300 12.12000 13.27700 12.69500 12.75100 15.91700 65.82900 33.39900 17.63400 18.73400 23.79900 42.12000 143.51400 210.24500 205.90400 121.22200 76.93100 57.83500 48.13900 44.13600 44.63600 61.03200 53.23400 54.62700 69.21000 82.24400 105.28700 156.55300 196.05800 175.56400 210.11200 179.27400 224.29600 295.86000 372.27400 459.94800 -999.90000 -999.90000 -999.90000 -999.90000
15.77700 15.77800 16.50900 29.98700 55.56600 29.83800 22.17700 13.37000 13.43800 13.51200 13.03200 13.36800 13.54800 13.96000 13.93600 13.28800 13.21300 12.83800 12.30400 13.19700 12.49900 12.71000 13.35400 13.64000 22.05800 79.93700 17.62700 17.65000 55.77500 153.29800 256.97800 274.61400 289.60900 242.01800 192.47600 136.62500 110.24000 44.13600 41.52700 43.73400 45.89000 50.25300 57.77500 64.99600 82.76700 103.05600 151.54600 123.66800 133.72700 168.42100 245.86500 332.97100 364.13300 384.16400 365.35900 427.19600 -999.90000 -999.90000
16.40700 15.96600 17.13100 18.63000 73.81300 41.24300 25.26100 13.91700 14.58700 13.80900 13.44500 14.10400 14.25500 13.95500 13.94100 14.07200 13.74300 13.36000 12.59600 12.61500 13.05000 13.67000 14.32500 14.34200 14.78300 16.54400 16.54500 17.46300 18.74400 94.18600 182.18500 106.82900 167.17700 163.62100 179.75700 109.73700 60.51300 40.03300 40.05200 41.75100 44.03500 47.94900 51.79000 55.43700 61.38400 74.14700 82.77200 108.97300 169.67600 213.57200 273.44600 256.31300 244.17500 264.67800 373.93400 476.11800 -999.90000 -999.90000
16.91900 16.59500 18.65300 18.63500 31.20500 26.67000 23.07200 15.15000 15.25900 14.81500 14.48400 15.47900 15.27100 14.54700 14.62000 14.62100 14.34500 13.90800 13.02700 12.81200 13.05400 13.67900 14.50000 14.35000 14.40900 14.78000 16.55800 17.86600 18.74400 21.14800 21.14800 32.28400 43.33500 43.71700 65.42700 61.51700 32.80700 35.24200 38.38800 44.03500 90.22400 98.89900 98.89900 79.80800 75.52800 75.52800 76.46000 84.03800 134.32900 134.62400 167.24700 173.40900 194.58800 304.10500 304.10500 388.70600 382.61300 461.05400
17.29100 17.19800 18.65600 18.89300 19.20700 21.07700 23.18900 17.58200 16.08900 15.84000 15.85900 15.48500 15.43300 15.58900 15.47100 22.55800 49.05300 51.17400 17.50500 26.07100 17.69200 15.48700 15.49400 14.90800 15.27300 15.12600 15.82000 16.98200 18.03800 21.52400 21.14800 22.34400 23.28300 25.24400 28.26200 28.95900 30.73700 33.42000 36.79400 57.73600 98.61200 156.57900 174.66200 172.48500 134.93800 134.95500 153.62900 109.63300 100.78100 112.03200 112.03500 140.25400 155.58100 221.15500 259.61200 271.99200 329.38300 364.38400
17.77600 18.02400 18.78800 19.49100 19.47500 20.56200 24.28000 19.08100 16.75700 16.72500 16.53500 16.08800 15.58200 15.92700 17.91400 91.01300 152.90900 122.85400 55.96500 119.46100 112.26000 50.95300 32.20700 18.78100 18.78600 15.74000 15.84400 16.97700 21.51100 30.83300 86.45200 119.53700 28.24900 28.25900 28.25900 28.60100 35.23000 49.63600 59.53400 57.73600 79.70400 139.69200 212.29300 231.64900 195.33300 216.26700 201.49600 176.14700 168.57500 189.01800 163.94600 223.33700 155.58100 171.94700 171.96500 250.71200 256.25200 291.52200
18.98500 20.26400 18.82300 19.70200 20.03400 21.82800 31.79200 19.76400 17.58700 17.25900 16.99400 16.20100 16.21600 15.92100 17.91400 107.29700 207.52800 227.05600 185.01200 229.59900 236.30500 140.57200 129.30000 109.49900 18.79400 17.07700 16.87500 18.63300 48.40600 87.96200 95.32900 122.87800 188.21100 152.38400 111.52300 113.32500 106.60800 145.17900 165.82400 160.99400 150.48500 140.15700 171.40500 143.90300 114.34300 154.10800 163.87900 124.37600 161.68000 154.52800 192.87600 218.21500 186.59500 238.93200 183.95400 232.94900 252.34100 340.09700
19.21400 19.83600 18.97700 20.09400 20.53500 32.88400 30.15500 19.47200 18.30800 17.85800 17.46500 17.44200 16.62300 16.63900 17.92400 60.96700 129.65800 205.07000 223.28700 225.15700 301.11400 234.40700 126.61500 95.28600 18.96500 18.80900 18.81900 19.65800 45.01800 23.76500 26.42100 38.65600 62.39600 51.86700 46.67400 50.83200 44.41100 48.16000 68.88000 82.68200 66.82900 68.22900 78.81800 65.83800 68.32700 76.95000 76.96600 80.51100 102.68700 102.68700 155.99200 208.14900 257.00200 296.49000 235.19000 220.29300 291.20200 310.21400
20.73500 20.95600 19.52400 20.82200 22.54300 25.39400 20.93500 20.03000 18.46200 17.92600 17.75900 17.75400 17.19500 17.15800 17.93100 18.08100 36.08400 85.37100 79.79600 133.44300 276.50000 216.34200 93.22400 42.54600 25.44100 18.97500 18.98100 19.92700 21.80200 23.76500 23.80000 29.25600 30.01000 30.02700 30.91900 33.13500 35.27100 38.79000 42.71600 45.20500 49.29200 51.56600 58.94900 60.92300 65.83800 79.77100 81.51700 78.53900 91.80000 91.81400 117.80500 177.08100 234.33700 279.05500 307.97100 232.96200 303.04900 360.43000
