topo/adem_250.txt
ncols        126              
nrows        151              
xllcorner          136.0069444
yllcorner           35.6594444
cellsize             0.0027777
NODATA_value         -999.9000
[rows 0 to 25 of 151, columns 0 to 57 of 126]
-999.90000 -999.90000 -999.90000 -999.90000 -999.90000 -999.90000 -999.90000 -999.90000 -999.90000 -999.90000 -999.90000 -999.90000 -999.90000 -999.90000 -999.90000 -999.90000 -999.90000 -999.90000 -999.90000 -999.90000 -999.90000 -999.90000 -999.90000 -999.90000 -999.90000 -999.90000 -999.90000 -999.90000 -999.90000 -999.90000 -999.90000 -999.90000 -999.90000 -999.90000 -999.90000 -999.90000 -999.90000 -999.90000 -999.90000 -999.90000 -999.90000 -999.90000 -999.90000 -999.90000 -999.90000 -999.90000 -999.90000 -999.90000 -999.90000 -999.90000 -999.90000 -999.90000 -999.90000 -999.90000 -999.90000 -999.90000 -999.90000 -999.90000
-999.90000 -999.90000 -999.90000 -999.90000 -999.90000 -999.90000 -999.90000 -999.90000 -999.90000 -999.90000 -999.90000 -999.90000 -999.90000 -999.90000 -999.90000 -999.90000 -999.90000 -999.90000 -999.90000 -999.90000 -999.90000 -999.90000 -999.90000 -999.90000 -999.90000 -999.90000 -999.90000 -999.90000 -999.90000 -999.90000 -999.90000 -999.90000 -999.90000 -999.90000 -999.90000 -999.90000 -999.90000 -999.90000 -999.90000 -999.90000 -999.90000 -999.90000 -999.90000 -999.90000 -999.90000 -999.90000 -999.90000 -999.90000 -999.90000 -999.90000 -999.90000 -999.90000 -999.90000 -999.90000 228.35300 181.06900 154.06600 140.65400
-999.90000 -999.90000 -999.90000 -999.90000 -999.90000 -999.90000 -999.90000 -999.90000 -999.90000 -999.90000 -999.90000 -999.90000 -999.90000 -999.90000 -999.90000 -999.90000 -999.90000 -999.90000 -999.90000 -999.90000 -999.90000 -999.90000 -999.90000 -999.90000 -999.90000 -999.90000 -999.90000 -999.90000 -999.90000 -999.90000 -999.90000 -999.90000 -999.90000 -999.90000 -999.90000 -999.90000 -999.90000 -999.90000 -999.90000 -999.90000 -999.90000 -999.90000 -999.90000 -999.90000 -999.90000 309.06000 -999.90000 -999.90000 -999.90000 256.32100 240.20700 183.83300 198.65100 163.84700 126.43600 87.81300 68.96100 39.44600
-999.90000 -999.90000 -999.90000 -999.90000 -999.90000 -999.90000 -999.90000 -999.90000 -999.90000 -999.90000 -999.90000 -999.90000 -999.90000 -999.90000 -999.90000 -999.90000 -999.90000 -999.90000 -999.90000 -999.90000 -999.90000 -999.90000 -999.90000 -999.90000 -999.90000 -999.90000 -999.90000 -999.90000 -999.90000 -999.90000 -999.90000 -999.90000 -999.90000 -999.90000 -999.90000 -999.90000 -999.90000 -999.90000 -999.90000 349.21000 302.93500 294.68800 286.27400 -999.90000 318.87900 250.34700 217.70200 221.85500 201.20300 162.22200 156.40000 123.80700 95.85000 73.45100 48.68500 21.38300 7.97200 4.91300
-999.90000 -999.90000 -999.90000 -999.90000 -999.90000 -999.90000 -999.90000 -999.90000 -999.90000 -999.90000 -999.90000 -999.90000 -999.90000 -999.90000 -999.90000 -999.90000 -999.90000 -999.90000 -999.90000 -999.90000 -999.90000 -999.90000 -999.90000 -999.90000 -999.90000 -999.90000 -999.90000 -999.90000 -999.90000 -999.90000 -999.90000 -999.90000 -999.90000 -999.90000 -999.90000 -999.90000 -999.90000 -999.90000 377.10700 283.29400 218.75000 193.66600 214.94200 226.33200 189.19400 199.10400 141.59800 140.82100 115.80200 77.01800 83.25700 46.18400 28.47800 9.58000 9.07900 5.58700 4.92200 6.71500
-999.90000 -999.90000 -999.90000 -999.90000 -999.90000 -999.90000 -999.90000 -999.90000 -999.90000 -999.90000 -999.90000 -999.90000 -999.90000 -999.90000 -999.90000 -999.90000 -999.90000 -999.90000 -999.90000 -999.90000 -999.90000 -999.90000 -999.90000 -999.90000 -999.90000 -999.90000 -999.90000 -999.90000 -999.90000 -999.90000 -999.90000 -999.90000 -999.90000 -999.90000 -999.90000 -999.90000 -999.90000 391.25600 341.29400 294.94000 235.56600 170.22700 152.69600 153.50500 106.06100 91.03700 50.84700 74.33800 39.97100 30.40700 15.75500 11.45700 10.89100 9.58600 9.59400 5.60300 5.61100 6.75600
-999.90000 -999.90000 -999.90000 -999.90000 -999.90000 -999.90000 -999.90000 -999.90000 -999.90000 -999.90000 -999.90000 -999.90000 -999.90000 -999.90000 -999.90000 -999.90000 -999.90000 -999.90000 -999.90000 -999.90000 -999.90000 -999.90000 -999.90000 -999.90000 -999.90000 -999.90000 -999.90000 -999.90000 -999.90000 -999.90000 -999.90000 -999.90000 -999.90000 -999.90000 329.48100 338.54900 357.77100 278.02800 255.43100 223.11500 174.17700 152.09300 90.86000 93.20900 52.17300 33.18700 21.36800 17.17000 12.67500 11.47600 11.47400 54.27900 11.60200 9.61100 9.61200 15.30700 5.62000 5.62700
-999.90000 -999.90000 -999.90000 -999.90000 -999.90000 -999.90000 -999.90000 -999.90000 -999.90000 -999.90000 -999.90000 -999.90000 -999.90000 -999.90000 -999.90000 -999.90000 -999.90000 -999.90000 -999.90000 -999.90000 -999.90000 -999.90000 -999.90000 -999.90000 -999.90000 -999.90000 -999.90000 -999.90000 -999.90000 -999.90000 -999.90000 -999.90000 -999.90000 321.10700 238.81700 263.07400 254.66700 240.71300 170.98200 137.60200 118.71200 81.62300 47.51100 37.46400 27.72000 21.91800 16.20600 12.19000 11.94700 11.48000 13.08000 36.10200 52.43200 50.65600 40.24500 6.79700 5.63200 5.87600
-999.90000 -999.90000 -999.90000 -999.90000 -999.90000 -999.90000 -999.90000 -999.90000 -999.90000 -999.90000 -999.90000 -999.90000 -999.90000 -999.90000 -999.90000 -999.90000 -999.90000 -999.90000 -999.90000 -999.90000 -999.90000 -999.90000 -999.90000 -999.90000 -999.90000 -999.90000 -999.90000 -999.90000 -999.90000 394.48500 352.93300 352.94900 324.30400 260.87500 204.92100 183.74900 186.87800 193.62300 148.20100 100.19300 67.40600 67.40000 47.49700 29.43600 22.36800 18.97000 18.95100 47.31400 48.29200 41.94600 23.76100 24.49100 10.80600 10.81900 6.37900 5.63400 5.81800 5.88100
-999.90000 -999.90000 -999.90000 -999.90000 -999.90000 -999.90000 -999.90000 -999.90000 -999.90000 -999.90000 -999.90000 -999.90000 -999.90000 -999.90000 -999.90000 -999.90000 -999.90000 -999.90000 -999.90000 -999.90000 -999.90000 -999.90000 -999.90000 -999.90000 -999.90000 -999.90000 -999.90000 -999.90000 -999.90000 334.01400 257.01200 320.89800 295.15300 232.36700 220.28700 169.09700 143.21500 130.53300 104.08800 94.03200 93.71700 90.18700 60.47800 42.77400 41.33400 18.97100 53.86400 73.87100 52.84700 40.69000 6.61600 6.61000 6.39400 6.39200 5.64300 5.64200 5.67900 6.73800
-999.90000 -999.90000 -999.90000 -999.90000 -999.90000 -999.90000 -999.90000 -999.90000 -999.90000 -999.90000 -999.90000 -999.90000 -999.90000 -999.90000 -999.90000 -999.90000 -999.90000 -999.90000 -999.90000 -999.90000 -999.90000 -999.90000 -999.90000 -999.90000 -999.90000 -999.90000 -999.90000 423.25800 361.27000 283.44100 220.65200 297.92500 243.94900 192.75500 189.47900 159.02700 119.88400 101.78800 98.69000 123.69300 138.09600 125.32700 109.98500 61.68200 56.75000 20.92700 59.22200 40.67600 10.84700 6.88300 6.63600 7.19300 9.40800 8.64400 6.09200 5.69600 5.70200 6.83900
-999.90000 -999.90000 -999.90000 -999.90000 -999.90000 -999.90000 -999.90000 -999.90000 -999.90000 -999.90000 -999.90000 -999.90000 -999.90000 -999.90000 -999.90000 -999.90000 -999.90000 -999.90000 -999.90000 -999.90000 -999.90000 -999.90000 -999.90000 492.73600 433.51200 416.00800 371.35000 396.50300 311.23300 263.00500 206.73100 223.32000 169.98800 169.98800 154.48900 112.71700 89.62400 90.77700 94.98700 84.13000 131.64800 157.71000 133.48300 124.00300 90.17900 52.51400 58.93500 40.55200 45.50600 22.56100 7.19700 7.20400 17.85600 8.64400 8.68100 5.90700 5.70600 9.00400
-999.90000 -999.90000 -999.90000 -999.90000 -999.90000 -999.90000 -999.90000 -999.90000 -999.90000 -999.90000 -999.90000 -999.90000 -999.90000 -999.90000 -999.90000 -999.90000 -999.90000 -999.90000 -999.90000 -999.90000 -999.90000 -999.90000 -999.90000 433.37000 344.74000 277.77200 297.70200 316.82600 265.22000 204.31500 176.79800 150.49800 137.06900 142.92700 103.25700 83.13400 72.35400 75.35800 72.34500 80.54200 120.31000 104.77700 100.29500 92.96600 92.96800 103.74100 95.70100 94.67300 67.42200 7.47100 7.46700 7.20400 13.13700 25.96600 38.81200 31.84700 24.71600 11.82100
-999.90000 -999.90000 -999.90000 -999.90000 -999.90000 -999.90000 -999.90000 -999.90000 -999.90000 -999.90000 -999.90000 -999.90000 -999.90000 -999.90000 -999.90000 -999.90000 -999.90000 -999.90000 -999.90000 -999.90000 -999.90000 -999.90000 367.24400 357.02200 309.91200 245.10900 245.10900 250.09400 224.87100 189.52900 162.15200 138.37700 103.67800 96.05500 84.70800 74.32900 59.40100 72.33900 100.63600 110.31700 78.79400 66.94900 71.05400 81.69700 77.32300 92.60800 84.36100 83.00200 23.04400 7.48100 7.63000 18.29900 26.76200 13.15200 28.05500 55.30200 46.58000 19.77800
-999.90000 -999.90000 -999.90000 -999.90000 -999.90000 -999.90000 -999.90000 -999.90000 -999.90000 -999.90000 -999.90000 -999.90000 -999.90000 -999.90000 -999.90000 -999.90000 -999.90000 -999.90000 -999.90000 -999.90000 -999.90000 302.64500 302.79700 279.43700 232.85200 204.17800 218.72900 190.75000 190.75000 174.77700 139.77300 119.16400 103.68300 82.23600 76.19600 74.64800 53.91400 91.02700 91.02700 72.91400 62.72500 88.73000 102.25700 62.22500 70.28100 61.49200 39.93800 15.14200 7.91100 7.65100 8.50300 7.80800 12.74100 37.18000 50.27100 79.82400 66.44300 45.76700
-999.90000 -999.90000 -999.90000 -999.90000 -999.90000 -999.90000 -999.90000 -999.90000 -999.90000 -999.90000 -999.90000 -999.90000 -999.90000 -999.90000 -999.90000 -999.90000 -999.90000 -999.90000 -999.90000 -999.90000 306.18100 253.52200 239.02700 212.13300 191.90000 191.91800 192.59000 164.72200 152.04700 147.84100 124.05100 95.00900 84.94900 91.17900 75.40400 58.43300 51.60500 53.02400 62.71000 52.95200 78.82400 62.29800 62.31000 48.64900 47.80500 38.24500 20.14700 9.03800 8.98900 8.51700 7.68000 7.68000 7.67900 7.68800 15.80800 42.40100 19.58300 16.33500
-999.90000 -999.90000 -999.90000 -999.90000 -999.90000 -999.90000 -999.90000 -999.90000 -999.90000 -999.90000 -999.90000 -999.90000 -999.90000 -999.90000 -999.90000 -999.90000 -999.90000 -999.90000 -999.90000 232.87000 232.86400 213.53000 201.44000 201.41100 175.15700 173.98200 161.20600 185.67100 154.32400 137.52700 120.44300 126.56900 108.56700 71.60600 62.18200 44.22300 50.24100 39.46000 52.23700 43.54500 44.21200 42.18300 60.48000 45.33500 20.09600 14.34200 13.81700 9.47100 13.03400 7.75400 7.74700 7.74000 7.67700 12.70000 27.15600 9.70800 11.04800 11.06600
-999.90000 -999.90000 -999.90000 -999.90000 -999.90000 -999.90000 -999.90000 -999.90000 -999.90000 -999.90000 -999.90000 -999.90000 -999.90000 -999.90000 -999.90000 -999.90000 -999.90000 -999.90000 -999.90000 182.75300 184.88900 188.24700 212.57800 190.49600 179.61800 163.20500 154.09500 154.10300 170.88700 181.38800 155.18200 156.00200 143.41400 98.52100 98.52100 44.22300 39.11400 31.79400 31.78700 41.32300 33.43900 39.66000 60.94200 41.60800 15.11400 14.34600 31.17700 13.99700 8.22500 7.79500 7.79100 7.73100 7.65900 7.65600 7.76500 8.73000 9.71600 11.06100
-999.90000 -999.90000 -999.90000 -999.90000 -999.90000 -999.90000 -999.90000 -999.90000 -999.90000 -999.90000 -999.90000 -999.90000 -999.90000 -999.90000 -999.90000 -999.90000 -999.90000 -999.90000 -999.90000 176.54600 176.54600 221.20500 250.13300 219.13700 190.26500 171.48900 147.51900 130.73000 172.17400 178.26400 191.55200 174.49200 151.36500 98.97400 83.09700 82.27300 90.21300 55.45900 31.78700 31.25600 66.89700 71.72300 70.73100 36.00300 14.35700 14.34700 26.56300 13.14600 9.88500 8.09700 8.08500 7.72700 7.59300 7.56900 7.56900 26.77500 50.74200 41.56000
-999.90000 -999.90000 -999.90000 -999.90000 -999.90000 -999.90000 -999.90000 -999.90000 -999.90000 -999.90000 -999.90000 -999.90000 -999.90000 -999.90000 -999.90000 -999.90000 -999.90000 -999.90000 216.96800 158.49300 204.68000 224.61900 272.15000 267.55800 212.32300 201.91100 155.31900 127.03500 117.21500 120.87400 135.34100 117.16500 99.53700 72.74600 97.01200 102.07000 62.83200 68.98600 31.25600 31.25300 69.01200 46.87200 17.91500 17.91500 17.91500 22.40600 71.25100 67.45800 30.72000 12.23600 8.40400 7.78200 7.60200 7.53700 7.53600 24.87100 68.36700 36.02300
-999.90000 -999.90000 -999.90000 -999.90000 -999.90000 -999.90000 -999.90000 -999.90000 -999.90000 -999.90000 -999.90000 -999.90000 -999.90000 -999.90000 -999.90000 -999.90000 -999.90000 -999.90000 215.66200 153.12000 200.91500 215.40500 228.71400 260.76300 261.39300 228.07200 163.61600 125.04900 117.21500 94.17400 91.64500 82.89900 81.89500 81.89500 50.23000 40.18300 38.12600 38.12600 25.68200 25.68200 25.67800 17.91500 17.91500 56.82200 69.51000 39.76100 62.58500 78.58400 66.57700 53.78300 11.06900 7.69200 7.60900 7.60200 7.53300 7.52100 7.78800 7.79400
-999.90000 -999.90000 -999.90000 -999.90000 -999.90000 -999.90000 -999.90000 -999.90000 -999.90000 -999.90000 -999.90000 -999.90000 -999.90000 -999.90000 -999.90000 -999.90000 -999.90000 -999.90000 204.00100 152.24700 152.24700 206.89500 204.18200 217.73100 217.73100 208.39900 146.07400 146.07400 115.28500 104.95400 128.16200 127.05500 118.56100 140.04800 89.17100 60.82000 54.14900 43.62100 43.96800 34.64200 19.00700 18.97700 22.53500 35.59200 52.77300 68.09200 39.77100 39.77200 49.70600 68.12800 12.80700 7.64500 7.69000 7.93000 7.91600 7.52000 7.51300 6.36700
-999.90000 -999.90000 -999.90000 -999.90000 -999.90000 -999.90000 -999.90000 -999.90000 -999.90000 -999.90000 -999.90000 -999.90000 -999.90000 -999.90000 -999.90000 -999.90000 -999.90000 -999.90000 214.91200 168.80000 152.23700 174.64600 174.64600 205.18000 247.59300 260.73600 251.26500 187.01000 134.35900 125.79400 128.16300 128.16600 131.13000 107.46100 98.30300 59.80300 53.46000 49.12000 39.03000 28.26900 20.72100 28.88900 31.99000 52.68100 80.58600 76.44200 82.23600 65.86700 54.66000 62.09900 19.96500 7.96800 7.94000 7.98300 8.06400 8.16700 7.50300 6.37300
-999.90000 -999.90000 -999.90000 -999.90000 -999.90000 -999.90000 -999.90000 -999.90000 -999.90000 -999.90000 -999.90000 -999.90000 -999.90000 -999.90000 -999.90000 -999.90000 -999.90000 -999.90000 232.58500 174.35800 172.37000 127.51800 127.51800 199.09900 246.28800 285.86000 262.61000 229.76600 158.29000 165.19500 153.18800 139.58300 128.18000 97.57500 77.74100 58.48800 42.07200 43.60700 30.82200 24.32900 35.55000 40.58300 57.52000 50.61000 66.62300 112.60700 122.87900 67.30900 49.74800 62.38800 27.93600 8.50700 8.01800 7.98500 9.63000 8.40600 7.17500 21.87700
-999.90000 -999.90000 -999.90000 -999.90000 -999.90000 -999.90000 -999.90000 -999.90000 -999.90000 -999.90000 -999.90000 -999.90000 -999.90000 -999.90000 -999.90000 -999.90000 -999.90000 293.50700 207.52300 196.38800 177.49200 127.51800 119.00700 176.13800 185.44400 187.57100 187.56700 190.78300 150.98200 170.87300 157.03800 152.58700 161.77300 127.65100 101.28000 64.93400 44.53700 30.84300 30.83100 35.46000 49.24400 60.36200 90.22800 110.34400 115.70100 77.52600 83.99000 66.63300 41.75700 85.43200 54.03500 8.97500 8.18000 8.40600 30.44100 9.33600 7.18700 30.59300
-999.90000 -999.90000 -999.90000 -999.90000 -999.90000 -999.90000 -999.90000 -999.90000 -999.90000 -999.90000 -999.90000 -999.90000 -999.90000 -999.90000 -999.90000 345.64500 240.11200 238.36200 238.36200 216.86500 180.10000 152.92500 106.04400 106.04400 148.53700 132.59100 142.45800 128.01400 128.02400 170.87400 143.79100 153.16100 173.12300 122.74900 93.85700 74.26500 41.53000 44.15200 45.40100 48.29400 53.10000 92.31700 127.45500 187.04000 141.38400 83.36700 47.44000 46.59200 32.88900 89.17800 51.94700 9.51400 8.41600 8.41000 25.83900 16.12500 8.10500 9.55700
