topo/adem_250.txt
ncols        126              
nrows        151              
xllcorner          136.0069444
yllcorner           35.6594444
cellsize             0.0027777
NODATA_value         -999.9000
[rows 26 to 51 of 151, columns 0 to 57 of 126]
-999.90000 -999.90000 -999.90000 -999.90000 -999.90000 -999.90000 -999.90000 -999.90000 -999.90000 -999.90000 -999.90000 -999.90000 -999.90000 -999.90000 -999.90000 332.02400 328.79900 313.26900 254.14600 232.51000 133.79300 123.95300 137.39800 127.91200 86.61700 81.73300 101.13200 128.00500 157.25500 110.10600 110.10600 133.20600 172.10600 107.65700 77.03400 69.02100 79.30300 70.40400 87.14400 86.43500 83.17000 110.45700 127.45500 192.57500 149.96500 73.99000 72.33300 62.39100 32.88000 32.88900 15.63200 8.81100 8.41600 8.54700 9.17000 8.12100 8.11200 10.65800
-999.90000 -999.90000 -999.90000 -999.90000 -999.90000 -999.90000 -999.90000 -999.90000 -999.90000 -999.90000 -999.90000 -999.90000 -999.90000 -999.90000 406.49500 267.36200 263.58600 172.46400 163.60600 141.27200 232.30900 205.05700 146.42700 141.43200 121.19600 97.67500 71.75800 121.47700 130.39000 99.75600 118.59600 148.60900 117.31100 96.87700 73.80200 81.30500 120.89900 118.98000 136.85200 166.18100 176.23300 201.57700 201.56200 208.32300 175.74800 139.07700 121.19400 87.22800 41.69200 21.07500 9.90900 8.63800 8.64000 9.03300 9.17100 8.12300 9.43000 10.66200
-999.90000 -999.90000 -999.90000 -999.90000 -999.90000 -999.90000 -999.90000 -999.90000 -999.90000 -999.90000 -999.90000 -999.90000 449.26900 445.76200 364.01700 240.84400 172.46400 172.46400 219.22600 240.38300 313.40000 260.59500 172.05000 120.36700 105.14000 71.74800 71.74800 112.14600 87.22800 113.40300 93.14900 74.88800 71.10300 65.21000 68.68700 102.58400 117.20900 162.30100 97.11700 108.83200 176.16800 209.31200 134.09200 124.68300 176.46000 175.46100 141.31900 120.09800 116.57500 51.08800 9.47500 8.92900 8.83300 9.18500 8.41100 8.35700 10.06000 33.43700
-999.90000 -999.90000 -999.90000 -999.90000 -999.90000 -999.90000 -999.90000 -999.90000 -999.90000 -999.90000 464.36200 377.33400 351.83300 373.47700 286.29000 222.67500 190.97700 226.00000 308.61500 319.85900 307.10200 243.36000 180.78400 139.13400 125.38400 71.74800 71.74600 75.08600 87.22800 99.80000 84.87100 80.95900 78.73400 64.48000 61.15500 81.71100 101.24200 150.59200 94.87600 101.25800 191.71500 196.16500 119.87800 91.74900 133.29200 217.78400 255.51900 184.64300 108.54200 25.76200 9.69300 9.33700 9.13500 10.07300 8.43100 9.18600 21.22200 61.09400
-999.90000 -999.90000 -999.90000 -999.90000 -999.90000 -999.90000 -999.90000 -999.90000 514.59000 432.09300 369.01400 316.01500 290.74800 290.74800 290.74800 241.57000 285.21200 237.31700 237.31700 334.96000 311.74800 243.35500 152.32100 141.26400 110.48000 101.33900 79.40500 61.55300 61.55200 85.13100 78.96800 74.61400 78.29900 102.16300 97.01700 57.44200 87.50400 85.80900 107.49400 127.41300 169.08700 189.44600 104.23400 73.16400 138.63900 212.67600 202.80900 149.61700 50.09800 11.69900 9.75700 9.44700 8.92100 8.49500 9.99700 9.84300 30.96100 32.30500
-999.90000 -999.90000 -999.90000 -999.90000 -999.90000 -999.90000 -999.90000 506.54800 420.70800 372.08700 320.05900 367.11300 364.27500 323.62700 290.74800 321.20700 353.11300 302.48400 302.48400 342.33100 299.16200 212.07900 152.32100 118.21400 149.60900 87.11200 79.41600 61.52900 61.53800 105.94400 87.11800 67.21200 66.22000 63.88800 53.52700 54.45800 63.50100 71.31000 103.52300 139.97000 114.46700 166.92000 86.83400 70.53200 150.33300 173.39600 113.18400 87.17700 16.20800 10.37600 10.09200 10.01700 9.27400 8.89600 10.00200 10.17800 10.18600 17.30700
-999.90000 -999.90000 -999.90000 -999.90000 -999.90000 -999.90000 548.36600 427.73900 377.36700 377.26200 403.25000 385.59100 354.60700 343.93600 382.41500 371.28600 332.02900 302.48400 368.75200 336.83100 248.99700 186.38500 101.12100 99.43300 99.43300 87.11200 108.15200 75.51200 51.25900 51.24900 51.24500 48.71000 48.69700 44.93900 44.93900 61.75000 55.17200 56.79400 121.97100 140.70900 96.66700 136.52000 59.41300 47.04300 84.47500 72.34400 33.82200 18.84600 10.97400 10.13000 10.10100 9.64400 9.41000 9.92200 8.89900 9.89300 10.19600 10.22700
-999.90000 -999.90000 -999.90000 -999.90000 -999.90000 -999.90000 528.22900 432.11300 389.84200 446.04100 422.04400 471.40500 450.69200 389.59100 352.68200 325.95300 325.95000 328.61400 291.96000 253.57100 183.29200 129.33900 101.12100 121.54300 99.43300 93.90600 93.90600 84.24600 62.80500 56.88100 95.10800 90.21900 102.75200 106.90500 44.93900 44.57900 44.16800 77.00900 112.35600 96.64200 96.64800 132.63100 62.13200 22.24400 22.16800 14.99000 12.25200 11.65400 10.80300 10.79600 10.37900 10.03000 9.75400 9.94200 10.04900 8.99200 10.58400 10.59300
-999.90000 -999.90000 -999.90000 -999.90000 -999.90000 555.77300 531.50600 503.80600 463.89700 455.15100 466.76000 426.74800 386.36900 343.71600 329.03200 331.92600 336.73100 246.22100 190.52400 184.88400 141.15900 117.93300 128.07400 101.66400 157.92700 143.58000 136.61800 89.23400 65.35600 82.16300 119.15000 179.07200 193.60100 178.56900 74.28300 44.15500 44.15800 84.18700 84.18700 104.60400 108.33600 64.51700 26.94900 14.40900 12.00700 11.59800 11.42000 11.40100 11.17600 10.85000 10.37600 10.20700 9.94700 10.39500 10.96700 9.83200 10.71500 11.26200
-999.90000 -999.90000 -999.90000 -999.90000 507.40400 464.16500 457.49300 458.37000 401.60200 374.94000 364.93600 353.73500 350.90300 370.70000 361.89600 283.39200 201.83700 169.47100 145.86800 139.64500 124.22200 107.52200 101.68300 101.67000 171.17700 135.42900 105.76600 100.45400 87.76000 111.08200 137.44500 166.71900 230.12800 156.29000 74.28300 44.15000 52.05900 63.86700 113.00600 130.44300 79.58000 21.74800 15.67300 14.20000 13.33100 12.78200 12.18400 11.88900 11.47600 11.03100 10.43400 10.09900 10.53300 11.13000 11.62200 11.80700 10.48000 11.74200
-999.90000 -999.90000 -999.90000 -999.90000 -999.90000 439.20800 401.84000 382.66800 374.94000 410.54800 416.53300 370.67300 378.99000 314.64800 274.46000 237.06800 173.19800 141.37700 138.30500 127.10200 111.40800 103.00100 103.00100 163.45500 168.64400 124.38100 109.13400 103.10000 103.10000 135.24500 199.36300 234.55900 181.68200 109.83300 79.91600 45.91300 37.92200 57.03300 80.08200 56.54800 31.46700 18.91200 15.18100 14.33200 13.81400 13.22300 12.58700 12.16600 11.24800 10.88200 10.45200 10.50100 10.88600 11.46300 12.22100 12.58100 10.91300 10.93000
-999.90000 -999.90000 -999.90000 -999.90000 -999.90000 464.02500 422.01800 416.55600 419.07100 389.29900 312.93400 286.84600 328.31600 281.10700 209.83500 171.76100 150.75500 140.72700 119.33200 113.02600 108.18700 117.72600 110.28500 115.33900 127.62700 143.73600 129.68800 113.27200 103.10000 116.77100 150.50700 191.82100 162.82200 127.02800 98.06500 59.50600 38.81600 32.12600 32.12400 32.11600 32.11600 37.13000 15.19900 14.49200 13.96100 13.32100 12.56600 11.81500 11.32000 10.81900 10.96000 10.97400 11.08400 11.45100 12.08100 12.51500 11.30100 10.96400
-999.90000 -999.90000 -999.90000 -999.90000 -999.90000 399.13700 367.27000 402.52500 365.44300 372.19100 315.28500 258.09400 229.41000 229.41000 216.03300 164.23500 144.50600 131.85700 120.63300 119.71200 115.88400 117.37300 116.90100 102.10500 112.20400 121.14500 125.16400 105.90000 101.26600 101.09300 95.94100 128.43200 119.48400 135.19200 100.49100 68.88700 32.13000 62.36100 82.71000 55.80300 53.73200 53.73200 18.01800 13.87100 13.52800 13.03100 12.32200 11.78900 10.82900 11.05400 11.15800 11.20900 11.79100 11.90800 12.70700 12.94000 12.95500 12.01200
-999.90000 -999.90000 -999.90000 -999.90000 -999.90000 303.04700 289.00200 305.70700 290.58800 298.37700 296.64900 280.91800 234.03400 212.85100 186.03100 155.54500 142.19300 133.58400 124.72100 153.38000 132.39400 118.44700 106.29800 97.16100 116.16900 134.84900 121.89300 112.38100 80.93200 116.11200 95.96900 83.43400 86.78700 75.56800 87.58700 78.55700 32.13400 53.17800 81.02000 56.34900 58.41200 55.58800 30.68800 13.11700 12.40700 11.97700 11.80400 11.47200 11.24000 11.42800 11.59600 12.07700 11.92000 12.33200 13.13100 13.12900 13.11800 12.60400
-999.90000 -999.90000 319.74900 320.58500 316.54100 290.19400 249.07100 246.84700 245.35100 269.18500 248.09400 217.75400 201.11700 177.85600 167.90700 153.88400 143.82200 127.81500 117.54500 154.32000 180.34000 132.32700 97.16100 93.45700 98.35900 118.93900 117.45500 80.93200 80.93200 119.43500 82.01200 69.15100 66.29800 37.34700 37.32800 35.90800 32.14900 32.14900 60.79600 65.22200 73.27800 58.38200 39.29900 12.72000 12.42100 11.88100 11.82200 12.08800 12.63100 12.61400 12.71700 13.19000 12.41600 12.79800 13.71200 13.47100 13.77900 13.47300
361.06400 310.54800 261.15200 293.06300 257.71500 239.74100 214.90500 208.02300 202.78100 224.73800 215.72000 188.29900 170.50300 159.03600 147.65600 138.61600 125.90500 119.27100 117.00400 117.00400 142.33900 154.48100 141.63500 104.97700 78.09000 78.09000 58.50800 53.52800 103.52500 53.52500 53.50900 44.09900 43.11700 43.11700 88.50100 41.32700 32.53600 32.15600 60.95700 98.50500 61.00700 40.04800 14.75500 12.79000 12.78100 12.78100 12.67200 12.87300 12.48000 13.46100 14.00200 13.56400 13.08800 13.36300 14.27400 14.25200 14.21200 14.38700
-999.90000 275.50500 242.25000 230.89800 217.48900 206.35300 195.02900 189.96800 189.96800 170.87200 162.19500 162.19500 160.93400 138.53600 138.52900 124.10600 120.51700 119.10100 116.59900 116.58200 145.21000 153.07900 140.23500 107.06700 95.15000 78.09000 62.35600 53.52800 53.52500 63.16200 61.71700 72.22500 63.78300 96.23500 96.23500 85.34000 75.95300 59.68800 57.86000 82.24300 45.26400 20.23700 14.75500 13.48200 14.31800 14.33500 45.43100 13.58900 12.58200 13.49600 14.43000 13.95800 13.82700 14.29100 14.55300 14.55900 14.56800 14.82800
-999.90000 -999.90000 -999.90000 241.67100 224.95500 204.33200 211.04000 182.93400 177.66900 177.65900 185.50100 207.76900 165.49200 145.50900 135.63300 131.08300 123.15800 114.62800 110.06800 116.57400 119.86400 119.88100 129.67600 127.59100 120.70300 124.21700 62.36700 62.36700 127.77000 145.23500 97.40600 97.40000 78.12200 90.55700 125.56200 164.48400 167.42600 91.06500 59.26200 34.35900 44.52400 17.73000 15.05200 14.51200 46.70600 83.41300 37.21900 14.50400 13.60600 17.05200 14.75500 14.85500 14.60900 15.19500 15.25600 14.99800 15.07300 14.95300
-999.90000 -999.90000 -999.90000 251.45400 221.77000 194.97900 184.39400 182.93400 190.91300 209.35600 221.96200 192.92100 163.55200 145.39300 136.83400 126.68700 122.63400 116.50500 109.55600 109.55600 141.62700 128.58500 142.00400 155.15600 166.23100 170.90300 117.70700 62.36700 108.14800 160.45600 117.10100 131.37000 139.78800 111.05400 95.59600 108.54000 185.89700 126.02000 62.87900 28.64300 19.98200 19.97500 16.76800 18.73500 80.63800 82.88600 37.21900 29.88600 23.69300 17.06000 15.62800 15.95900 15.38700 16.21900 16.10400 15.73500 15.59900 15.50800
-999.90000 -999.90000 -999.90000 260.88400 227.32400 221.17500 216.12800 206.64000 222.61200 262.60700 222.65700 188.43500 178.08200 153.81400 161.93900 156.41700 125.92700 112.13300 109.77000 106.90200 136.55800 141.76700 159.29400 164.65300 194.58400 152.15500 68.89100 68.89100 134.48300 164.90700 183.37600 172.78100 190.29200 190.31000 176.16800 143.03600 193.13200 98.46000 43.71500 29.41400 21.03300 20.56200 52.46500 72.44700 163.30700 103.78200 88.55600 78.26900 63.59800 17.06700 17.08300 17.09000 17.09800 17.10300 17.11200 17.07800 16.24100 16.42600
-999.90000 -999.90000 -999.90000 278.83000 284.70100 293.98400 254.40100 235.37700 233.66700 232.08900 239.55600 231.25600 199.86100 177.19000 210.79700 172.61800 133.96400 117.76900 108.46700 106.89500 137.29400 107.82700 120.12300 132.86400 165.13900 107.93800 69.14900 69.85600 143.48400 164.28700 156.28000 136.60500 156.51300 189.19900 198.30900 173.65400 141.42600 117.82200 55.51100 25.52900 24.81600 31.21900 91.12000 183.81200 197.59000 76.41700 29.52700 24.22900 18.19200 18.18700 17.58500 17.15100 17.42300 17.55100 17.18000 17.28600 17.01200 16.93000
-999.90000 -999.90000 -999.90000 -999.90000 370.39100 319.93500 295.92100 247.80800 222.51600 206.08100 195.49600 214.47100 236.38900 195.50400 176.35100 181.42200 163.64700 121.77400 103.70000 113.58400 115.34500 102.96500 115.17600 108.25200 125.54500 74.88000 69.85600 69.85600 86.93500 92.62000 95.54800 102.89800 106.40000 131.23900 131.76200 138.13800 181.74600 123.03200 39.49600 74.94800 102.16700 117.10500 168.50500 239.30100 157.77300 63.15000 44.14800 18.21000 18.20600 18.42300 18.39600 18.13200 18.43600 18.69300 17.89300 17.75600 17.64200 17.30700
-999.90000 -999.90000 -999.90000 -999.90000 -999.90000 344.81300 309.21500 274.76700 251.40900 217.39200 188.75100 167.59100 198.97700 166.63000 146.77500 155.53200 168.59700 120.17200 96.08400 112.44400 109.96300 87.63700 85.24000 79.83400 82.51800 79.82200 120.02200 149.88200 161.83600 135.53000 159.42000 168.95100 170.67300 145.63600 137.73200 149.98500 172.82200 98.69200 39.49600 40.12300 52.91200 81.60700 139.38800 113.70100 109.16900 63.15000 23.14300 20.54100 18.40900 18.43100 18.74000 19.36800 19.31200 18.64500 18.41500 18.77000 18.22500 18.20500
-999.90000 -999.90000 -999.90000 -999.90000 -999.90000 307.57000 314.49600 305.86000 268.32200 246.30900 198.24300 172.84300 141.59000 141.57100 126.15700 135.46200 126.79800 116.14900 93.25200 89.05800 92.28100 85.25700 107.94000 83.65500 79.83100 79.82900 82.77400 82.77400 96.10700 96.11900 116.60300 139.48200 161.35000 127.10000 171.17100 175.17100 206.70200 144.48300 42.48100 40.13700 42.99800 88.03700 144.31800 84.28300 37.00900 27.99200 25.39500 62.12400 28.09500 42.69500 18.75500 19.69200 20.36700 35.04200 19.92000 20.05200 18.99800 18.85300
-999.90000 -999.90000 -999.90000 -999.90000 319.17400 274.62300 240.27800 235.94300 204.74700 199.66300 190.50500 167.72500 166.09000 148.80900 131.28700 120.54500 114.10200 101.83700 101.83200 89.05800 89.05800 117.00900 127.32000 111.71700 101.26100 107.32700 99.31600 82.77400 95.94900 96.12300 99.16600 109.81500 109.08000 109.06600 105.00200 104.99300 104.98600 65.44800 44.86600 41.53400 46.44000 66.02400 90.51800 136.15900 83.77200 45.65200 50.51600 94.88500 100.83600 59.70700 24.83200 20.35800 20.60500 21.22100 20.66200 20.55500 19.99600 20.10600
-999.90000 -999.90000 -999.90000 -999.90000 330.46700 275.46300 247.74300 251.48800 251.20500 240.62400 206.63900 188.92700 163.73700 155.44200 155.44200 151.99100 132.51100 101.84700 101.84700 122.62500 113.14300 148.87100 165.46500 127.44300 122.47000 108.67700 101.33100 88.01400 97.08500 104.05800 102.49700 112.08400 146.81500 128.31100 125.03700 123.00500 104.58900 63.34200 48.04800 45.93200 46.44400 48.20100 49.84400 83.03800 116.12300 93.86000 93.27400 150.95400 75.74100 41.10500 34.44800 22.47500 21.42200 22.19000 21.45800 21.05700 21.86100 22.21100
